'''
추세: 평균 0.0174 약간의 증가추세, 장기적으로 해양 온도 이상치가 증가할 가능성
계절성: 0에 가까움. 연도간 일정한 변동있음
잔차: 주기적인 변동 제외 나머지 변동이 크지않음
'''

비정상 연도:
YR
1972    1.233826
1987    1.390020
1997    1.096999

1. 추세(Trend):
YR
1956    0.070104
1957    0.106389
1958    0.094375
1959    0.080938
1960    0.121493
1961    0.181146
1962    0.237014
1963    0.257187
1964    0.201389
1965    0.107882
1966    0.098299
1967    0.109201
1968    0.055243
1969   -0.044132
1970   -0.102569
1971   -0.106632
1972   -0.142743
1973   -0.139167
1974   -0.110000
1975   -0.147396
1976   -0.136771
1977   -0.022708
1978   -0.023090
1979   -0.081667
1980   -0.032326
1981    0.111910
1982    0.177187
1983    0.098785
1984    0.069097
1985    0.102882
1986    0.134062
1987    0.174410
1988    0.178542
1989    0.130208
1990    0.104965
1991    0.180000
1992    0.240729
1993    0.123819
1994    0.018056
1995    0.028993
1996    0.055590
1997    0.052743
1998    0.028125
1999    0.008819
2000   -0.019271
2001   -0.054236
2002   -0.086389
2003   -0.136806
2004   -0.191667
2005   -0.194653
2006   -0.150278
2007   -0.121250
2008   -0.144340
2009   -0.116042
2010   -0.069757
2011   -0.084688
2012   -0.097986
2013   -0.055486
2014    0.007743
2015   -0.016632
2016   -0.077465
2017   -0.026042
2018    0.079444

2. 계절성(Seasonality):
YR
1950   -0.333152
1951   -0.285263
1952   -0.476111
1953    0.012771
1954    0.244264
1955    0.437251
1956    0.186911
1957    0.244383
1958    0.322201
1959   -0.229097
1960   -0.145249
1961    0.021091
1962   -0.333152
1963   -0.285263
1964   -0.476111
1965    0.012771
1966    0.244264
1967    0.437251
1968    0.186911
1969    0.244383
1970    0.322201
1971   -0.229097
1972   -0.145249
1973    0.021091
1974   -0.333152
1975   -0.285263
1976   -0.476111
1977    0.012771
1978    0.244264
1979    0.437251
1980    0.186911
1981    0.244383
1982    0.322201
1983   -0.229097
1984   -0.145249
1985    0.021091
1986   -0.333152
1987   -0.285263
1988   -0.476111
1989    0.012771
1990    0.244264
1991    0.437251
1992    0.186911
1993    0.244383
1994    0.322201
1995   -0.229097
1996   -0.145249
1997    0.021091
1998   -0.333152
1999   -0.285263
2000   -0.476111
2001    0.012771
2002    0.244264
2003    0.437251
2004    0.186911
2005    0.244383
2006    0.322201
2007   -0.229097
2008   -0.145249
2009    0.021091
2010   -0.333152
2011   -0.285263
2012   -0.476111
2013    0.012771
2014    0.244264
2015    0.437251
2016    0.186911
2017    0.244383
2018    0.322201
2019   -0.229097
2020   -0.145249
2021    0.021091
2022   -0.333152
2023   -0.285263
2024   -0.476111

3. 잔차(Residuals):
YR
1956   -0.821182
1957    0.608395
1958    0.412591
1959    0.294826
1960    0.092090
1961   -0.215570
1962   -0.121362
1963    0.695576
1964   -0.087778
1965    0.802680
1966    0.024104
1967   -0.848952
1968   -0.119655
1969    0.556416
1970   -0.527131
1971   -0.625105
1972    1.233826
1973   -0.511091
1974   -0.453514
1975   -0.605674
1976    0.553715
1977    0.532437
1978   -0.320341
1979   -0.106417
1980    0.116248
1981   -0.645459
1982    0.493945
1983    0.606145
1984   -0.423848
1985   -0.713139
1986    0.446590
1987    1.390020
1988   -0.512431
1989   -0.751313
1990   -0.030063
1991    0.024416
1992    0.199026
1993   -0.044869
1994    0.139744
1995    0.029270
1996   -0.369508
1997    1.096999
1998    0.250027
1999   -0.947723
2000   -0.349619
2001   -0.269369
2002    0.502124
2003   -0.067945
2004    0.449755
2005   -0.008063
2006   -0.084423
2007   -0.267153
2008   -0.494577
2009    0.380784
2010   -0.083758
2011   -0.494216
2012    0.434097
2013   -0.276452
2014   -0.137841
2015    1.036881
2016    0.221387
2017   -0.420841
2018   -0.389145

==== 추가 통계 정보 ====
추세(Trend)의 평균: 0.0174
계절성(Seasonality)의 평균: -0.0146
잔차(Residuals)의 평균: 0.0076
